   1.0000000e+00   1.0000000e+00   1.0000000e+00   1.0000000e+00   1.0000000e+00   1.0000000e+00   1.0000000e+00   1.0000000e+00   1.0000000e+00   1.0000000e+00   1.0000000e+00
   1.0000000e+00   6.1123713e-01   8.4294929e-01   4.2408482e-01   5.0779896e-01   2.7982892e-01   4.6651201e-01   7.1173509e-01   1.4093075e-02   4.2896035e-01   1.0000000e+00
   1.0000000e+00   8.5577189e-01   8.9879856e-01   3.4106497e-01   8.5665648e-01   4.4700731e-01   4.9810449e-01   8.7281299e-01   6.2288034e-01   1.0177456e-02   1.0000000e+00
   1.0000000e+00   6.7079711e-01   9.3900309e-01   5.4135393e-01   3.8431362e-01   5.8757126e-01   4.8743065e-01   9.3800201e-01   2.3109536e-01   6.0882145e-01   1.0000000e+00
   1.0000000e+00   5.2359204e-01   8.1543516e-01   9.2616908e-01   6.9569093e-01   8.7763414e-01   2.2946877e-01   1.3968928e-01   5.2743396e-01   9.5797519e-01   1.0000000e+00
   1.0000000e+00   2.9881541e-01   1.3578288e-03   2.9849945e-01   6.2790418e-01   4.6910052e-01   8.5552232e-02   3.9390014e-01   7.2499196e-01   9.5446524e-02   1.0000000e+00
   1.0000000e+00   7.0396908e-01   3.0906976e-03   3.3808479e-01   4.5038815e-01   4.3741848e-01   6.7383314e-02   9.8056283e-01   6.0741579e-01   3.5590563e-02   1.0000000e+00
   1.0000000e+00   3.8161088e-01   8.7468816e-02   8.5948011e-01   4.7361794e-01   7.4618494e-01   8.8839093e-01   6.4479403e-01   5.8836645e-01   8.8623511e-01   1.0000000e+00
   1.0000000e+00   5.6768500e-01   2.6072735e-01   3.4047831e-01   9.4970635e-01   4.6791047e-01   2.3316769e-01   8.9640978e-01   4.3343484e-01   2.4694137e-01   1.0000000e+00
   1.0000000e+00   8.8786096e-01   2.2798671e-02   1.3812040e-01   8.3497562e-02   8.6082735e-01   8.6159576e-01   4.8223041e-01   2.4417289e-01   8.9150563e-03   1.0000000e+00
   1.0000000e+00   1.0000000e+00   1.0000000e+00   1.0000000e+00   1.0000000e+00   1.0000000e+00   1.0000000e+00   1.0000000e+00   1.0000000e+00   1.0000000e+00   1.0000000e+00
